<!DOCTYPE html>
<html lang="en">
<head>
<meta charset="utf-8"/>
<style>body{background-color:white;}</style>
<link href="_site/iframes/lib/htmltools-fill-0.5.9/fill.css" rel="stylesheet" />
<script src="_site/iframes/lib/htmlwidgets-1.6.4/htmlwidgets.js"></script>
<script src="_site/iframes/lib/plotly-binding-4.12.0/plotly.js"></script>
<script src="_site/iframes/lib/typedarray-0.1/typedarray.min.js"></script>
<script src="_site/iframes/lib/jquery-3.5.1/jquery.min.js"></script>
<link href="_site/iframes/lib/crosstalk-1.2.2/css/crosstalk.min.css" rel="stylesheet" />
<script src="_site/iframes/lib/crosstalk-1.2.2/js/crosstalk.min.js"></script>
<link href="_site/iframes/lib/plotly-htmlwidgets-css-2.25.2/plotly-htmlwidgets.css" rel="stylesheet" />
<script src="_site/iframes/lib/plotly-main-2.25.2/plotly-latest.min.js"></script>
  <title>plotly</title>
</head>
<body>
<div id="htmlwidget_container">
  <div class="plotly html-widget html-fill-item" id="htmlwidget-8890a568f9b60a0863e2" style="width:100%;height:400px;"></div>
</div>
<script type="application/json" data-for="htmlwidget-8890a568f9b60a0863e2">{"x":{"visdat":{"d7d84c995dd1":["function () ","plotlyVisDat"]},"cur_data":"d7d84c995dd1","attrs":{"d7d84c995dd1":{"x":{},"y":{},"z":{},"colorbar":{"title":{"text":"Similitud"}},"hovertemplate":"%{y} vs %{x}<br>Similitud: %{z:.3f}<extra><\/extra>","colors":["#f7fbff","#c6dbef","#6baed6","#3182bd","#08519c"],"alpha_stroke":1,"sizes":[10,100],"spans":[1,20],"type":"heatmap"}},"layout":{"margin":{"b":40,"l":60,"t":25,"r":10},"paper_bgcolor":"#ffffff","plot_bgcolor":"#ffffff","font":{"color":"#111111","family":"-apple-system, BlinkMacSystemFont, 'Segoe UI', Inter, 'Helvetica Neue', Arial, sans-serif"},"xaxis":{"domain":[0,1],"automargin":true,"title":"","tickangle":-35,"color":"#6b6b6b","type":"category","categoryorder":"array","categoryarray":["Renovación Popular","Fuerza Popular","Ahora Nación","Integridad Democrática","País para Todos","Alianza para el Progreso","Cooperación Popular","Partido del Buen Gobierno","Perú Primero","Partido Cívico Obras","Somos Perú","Juntos por el Perú"]},"yaxis":{"domain":[0,1],"automargin":true,"title":"","color":"#6b6b6b","ticklabelstandoff":20,"type":"category","categoryorder":"array","categoryarray":["Juntos por el Perú","Somos Perú","Partido Cívico Obras","Perú Primero","Partido del Buen Gobierno","Cooperación Popular","Alianza para el Progreso","País para Todos","Integridad Democrática","Ahora Nación","Fuerza Popular","Renovación Popular"]},"scene":{"zaxis":{"title":"similarity"}},"hovermode":"closest","showlegend":false,"legend":{"yanchor":"top","y":0.5}},"source":"A","config":{"modeBarButtonsToAdd":["hoverclosest","hovercompare"],"showSendToCloud":false},"data":[{"colorbar":{"title":{"text":"Similitud"},"ticklen":2,"len":0.5,"lenmode":"fraction","y":1,"yanchor":"top"},"colorscale":[["0","rgba(247,251,255,1)"],["0.0416666666666667","rgba(239,246,252,1)"],["0.0833333333333333","rgba(231,240,250,1)"],["0.125","rgba(223,235,247,1)"],["0.166666666666667","rgba(214,230,244,1)"],["0.208333333333333","rgba(206,224,242,1)"],["0.25","rgba(198,219,239,1)"],["0.291666666666667","rgba(184,211,235,1)"],["0.333333333333333","rgba(170,204,231,1)"],["0.375","rgba(155,196,227,1)"],["0.416666666666667","rgba(140,189,222,1)"],["0.458333333333333","rgba(124,181,218,1)"],["0.5","rgba(107,174,214,1)"],["0.541666666666667","rgba(99,166,210,1)"],["0.583333333333333","rgba(90,159,206,1)"],["0.625","rgba(81,152,201,1)"],["0.666666666666667","rgba(71,144,197,1)"],["0.708333333333333","rgba(61,137,193,1)"],["0.75","rgba(49,130,189,1)"],["0.791666666666667","rgba(44,122,183,1)"],["0.833333333333333","rgba(39,113,178,1)"],["0.875","rgba(33,105,172,1)"],["0.916666666666667","rgba(27,97,167,1)"],["0.958333333333333","rgba(19,89,161,1)"],["1","rgba(8,81,156,1)"]],"showscale":true,"x":["Ahora Nación","Alianza para el Progreso","Partido del Buen Gobierno","Cooperación Popular","Fuerza Popular","Integridad Democrática","Juntos por el Perú","Partido Cívico Obras","País para Todos","Perú Primero","Renovación Popular","Somos Perú","Ahora Nación","Alianza para el Progreso","Partido del Buen Gobierno","Cooperación Popular","Fuerza Popular","Integridad Democrática","Juntos por el Perú","Partido Cívico Obras","País para Todos","Perú Primero","Renovación Popular","Somos Perú","Ahora Nación","Alianza para el Progreso","Partido del Buen Gobierno","Cooperación Popular","Fuerza Popular","Integridad Democrática","Juntos por el Perú","Partido Cívico Obras","País para Todos","Perú Primero","Renovación Popular","Somos Perú","Ahora Nación","Alianza para el Progreso","Partido del Buen Gobierno","Cooperación Popular","Fuerza Popular","Integridad Democrática","Juntos por el Perú","Partido Cívico Obras","País para Todos","Perú Primero","Renovación Popular","Somos Perú","Ahora Nación","Alianza para el Progreso","Partido del Buen Gobierno","Cooperación Popular","Fuerza Popular","Integridad Democrática","Juntos por el Perú","Partido Cívico Obras","País para Todos","Perú Primero","Renovación Popular","Somos Perú","Ahora Nación","Alianza para el Progreso","Partido del Buen Gobierno","Cooperación Popular","Fuerza Popular","Integridad Democrática","Juntos por el Perú","Partido Cívico Obras","País para Todos","Perú Primero","Renovación Popular","Somos Perú","Ahora Nación","Alianza para el Progreso","Partido del Buen Gobierno","Cooperación Popular","Fuerza Popular","Integridad Democrática","Juntos por el Perú","Partido Cívico Obras","País para Todos","Perú Primero","Renovación Popular","Somos Perú","Ahora Nación","Alianza para el Progreso","Partido del Buen Gobierno","Cooperación Popular","Fuerza Popular","Integridad Democrática","Juntos por el Perú","Partido Cívico Obras","País para Todos","Perú Primero","Renovación Popular","Somos Perú","Ahora Nación","Alianza para el Progreso","Partido del Buen Gobierno","Cooperación Popular","Fuerza Popular","Integridad Democrática","Juntos por el Perú","Partido Cívico Obras","País para Todos","Perú Primero","Renovación Popular","Somos Perú","Ahora Nación","Alianza para el Progreso","Partido del Buen Gobierno","Cooperación Popular","Fuerza Popular","Integridad Democrática","Juntos por el Perú","Partido Cívico Obras","País para Todos","Perú Primero","Renovación Popular","Somos Perú","Ahora Nación","Alianza para el Progreso","Partido del Buen Gobierno","Cooperación Popular","Fuerza Popular","Integridad Democrática","Juntos por el Perú","Partido Cívico Obras","País para Todos","Perú Primero","Renovación Popular","Somos Perú","Ahora Nación","Alianza para el Progreso","Partido del Buen Gobierno","Cooperación Popular","Fuerza Popular","Integridad Democrática","Juntos por el Perú","Partido Cívico Obras","País para Todos","Perú Primero","Renovación Popular","Somos Perú"],"y":["Ahora Nación","Ahora Nación","Ahora Nación","Ahora Nación","Ahora Nación","Ahora Nación","Ahora Nación","Ahora Nación","Ahora Nación","Ahora Nación","Ahora Nación","Ahora Nación","Alianza para el Progreso","Alianza para el Progreso","Alianza para el Progreso","Alianza para el Progreso","Alianza para el Progreso","Alianza para el Progreso","Alianza para el Progreso","Alianza para el Progreso","Alianza para el Progreso","Alianza para el Progreso","Alianza para el Progreso","Alianza para el Progreso","Partido del Buen Gobierno","Partido del Buen Gobierno","Partido del Buen Gobierno","Partido del Buen Gobierno","Partido del Buen Gobierno","Partido del Buen Gobierno","Partido del Buen Gobierno","Partido del Buen Gobierno","Partido del Buen Gobierno","Partido del Buen Gobierno","Partido del Buen Gobierno","Partido del Buen Gobierno","Cooperación Popular","Cooperación Popular","Cooperación Popular","Cooperación Popular","Cooperación Popular","Cooperación Popular","Cooperación Popular","Cooperación Popular","Cooperación Popular","Cooperación Popular","Cooperación Popular","Cooperación Popular","Fuerza Popular","Fuerza Popular","Fuerza Popular","Fuerza Popular","Fuerza Popular","Fuerza Popular","Fuerza Popular","Fuerza Popular","Fuerza Popular","Fuerza Popular","Fuerza Popular","Fuerza Popular","Integridad Democrática","Integridad Democrática","Integridad Democrática","Integridad Democrática","Integridad Democrática","Integridad Democrática","Integridad Democrática","Integridad Democrática","Integridad Democrática","Integridad Democrática","Integridad Democrática","Integridad Democrática","Juntos por el Perú","Juntos por el Perú","Juntos por el Perú","Juntos por el Perú","Juntos por el Perú","Juntos por el Perú","Juntos por el Perú","Juntos por el Perú","Juntos por el Perú","Juntos por el Perú","Juntos por el Perú","Juntos por el Perú","Partido Cívico Obras","Partido Cívico Obras","Partido Cívico Obras","Partido Cívico Obras","Partido Cívico Obras","Partido Cívico Obras","Partido Cívico Obras","Partido Cívico Obras","Partido Cívico Obras","Partido Cívico Obras","Partido Cívico Obras","Partido Cívico Obras","País para Todos","País para Todos","País para Todos","País para Todos","País para Todos","País para Todos","País para Todos","País para Todos","País para Todos","País para Todos","País para Todos","País para Todos","Perú Primero","Perú Primero","Perú Primero","Perú Primero","Perú Primero","Perú Primero","Perú Primero","Perú Primero","Perú Primero","Perú Primero","Perú Primero","Perú Primero","Renovación Popular","Renovación Popular","Renovación Popular","Renovación Popular","Renovación Popular","Renovación Popular","Renovación Popular","Renovación Popular","Renovación Popular","Renovación Popular","Renovación Popular","Renovación Popular","Somos Perú","Somos Perú","Somos Perú","Somos Perú","Somos Perú","Somos Perú","Somos Perú","Somos Perú","Somos Perú","Somos Perú","Somos Perú","Somos Perú"],"z":[1.0000000000000002,0.73572144599001255,0.65323879277411734,0.68449299494385818,0.80484659263920311,0.74881492391577054,0.71489711743001161,0.50729736026564187,0.64027659674872095,0.39474885592209424,0.5475713302772256,0.56380767307277091,0.73572144599001255,1,0.65011786844649799,0.68045237971601313,0.79030150456433679,0.68543345012449941,0.68657151903290448,0.46511454696765381,0.49609643713105867,0.41580625027611662,0.57966728949948232,0.67018520822710337,0.65323879277411734,0.65011786844649799,1.0000000000000002,0.62258848226728936,0.68469585945457723,0.70244971974511983,0.64716136106974997,0.52298123039763,0.483847943424006,0.45606924064857296,0.45191096475188602,0.50612564908922719,0.68449299494385818,0.68045237971601313,0.62258848226728936,1,0.66063103937894618,0.71363808566565368,0.7797921474675078,0.57008258614769647,0.58728917264781777,0.37154533507192039,0.62422495116500065,0.57188738215392831,0.80484659263920311,0.79030150456433679,0.68469585945457723,0.66063103937894618,0.99999999999999989,0.85757045243354335,0.72636932222259898,0.42189448448740086,0.57400754896264261,0.47256113003263839,0.61869479823370244,0.58359591619740658,0.74881492391577054,0.68543345012449941,0.70244971974511983,0.71363808566565368,0.85757045243354335,1,0.78740622870144572,0.42665080164637226,0.72476959880663505,0.39393440078655667,0.70572734726728115,0.56396528812825319,0.71489711743001161,0.68657151903290448,0.64716136106974997,0.7797921474675078,0.72636932222259898,0.78740622870144572,1,0.48893657085616965,0.59430456465686199,0.33784023676608566,0.6092998615652041,0.61923116840953674,0.50729736026564187,0.46511454696765381,0.52298123039763,0.57008258614769647,0.42189448448740086,0.42665080164637226,0.48893657085616965,1,0.32941372191793816,0.27751392624666965,0.38917834667909934,0.33964028125028323,0.64027659674872095,0.49609643713105867,0.483847943424006,0.58728917264781777,0.57400754896264261,0.72476959880663505,0.59430456465686199,0.32941372191793816,0.99999999999999978,0.29315329814181479,0.72883536508490576,0.4103462085655124,0.39474885592209424,0.41580625027611662,0.45606924064857296,0.37154533507192039,0.47256113003263839,0.39393440078655667,0.33784023676608566,0.27751392624666965,0.29315329814181479,0.99999999999999989,0.36497592665517026,0.3467051396142925,0.5475713302772256,0.57966728949948232,0.45191096475188602,0.62422495116500065,0.61869479823370244,0.70572734726728115,0.6092998615652041,0.38917834667909934,0.72883536508490576,0.36497592665517026,1,0.49408468074433276,0.56380767307277091,0.67018520822710337,0.50612564908922719,0.57188738215392831,0.58359591619740658,0.56396528812825319,0.61923116840953674,0.33964028125028323,0.4103462085655124,0.3467051396142925,0.49408468074433276,1.0000000000000002],"hovertemplate":"%{y} vs %{x}<br>Similitud: %{z:.3f}<extra><\/extra>","type":"heatmap","xaxis":"x","yaxis":"y","frame":null}],"highlight":{"on":"plotly_click","persistent":false,"dynamic":false,"selectize":false,"opacityDim":0.20000000000000001,"selected":{"opacity":1},"debounce":0},"shinyEvents":["plotly_hover","plotly_click","plotly_selected","plotly_relayout","plotly_brushed","plotly_brushing","plotly_clickannotation","plotly_doubleclick","plotly_deselect","plotly_afterplot","plotly_sunburstclick"],"base_url":"https://plot.ly"},"evals":[],"jsHooks":[]}</script>
<script type="application/htmlwidget-sizing" data-for="htmlwidget-8890a568f9b60a0863e2">{"viewer":{"width":"100%","height":400,"padding":0,"fill":true},"browser":{"width":"100%","height":400,"padding":0,"fill":true}}</script>
</body>
</html>
